117
./DATA/LVL1/ENEMIES/SHOTS/Enemy_Shot_1.png
./DATA/LVL1/ENEMIES/SHOTS/Enemy_Shot_2_0000.png
./DATA/LVL1/ENEMIES/SHOTS/Enemy_Shot_2_0001.png
./DATA/LVL1/ENEMIES/SHOTS/Enemy_Shot_2_0002.png
./DATA/LVL1/ENEMIES/SHOTS/Enemy_Shot_2_0003.png
./DATA/LVL1/ENEMIES/SHOTS/boss_dish_shot.png
./DATA/LVL1/ENEMIES/Enemy_Explosion_Type_1_0000.png
./DATA/LVL1/ENEMIES/Enemy_Explosion_Type_1_0001.png
./DATA/LVL1/ENEMIES/Enemy_Explosion_Type_1_0002.png
./DATA/LVL1/ENEMIES/Enemy_Explosion_Type_1_0003.png
./DATA/LVL1/ENEMIES/Enemy_Explosion_Type_1_0004.png
./DATA/LVL1/ENEMIES/Explosion_Small_0001.png
./DATA/LVL1/ENEMIES/Explosion_Big_0000.png
./DATA/LVL1/ENEMIES/Explosion_Big_0001.png
./DATA/LVL1/ENEMIES/Explosion_Big_0002.png
./DATA/LVL1/ENEMIES/Explosion_Big_0003.png
./DATA/LVL1/ENEMIES/BOSS/boss_Dish_Explosion_1.png
./DATA/LVL1/ENEMIES/BOSS/boss_Dish_Explosion_2.png
./DATA/LVL1/ENEMIES/BOSS/boss_Dish_Explosion_3.png
./DATA/LVL1/ENEMIES/BOSS/boss_Dish_Explosion_4.png
./DATA/LVL1/ENEMIES/BOSS/boss_Tank_Explosion_1.png
./DATA/LVL1/ENEMIES/BOSS/boss_Tank_Explosion_2.png
./DATA/LVL1/ENEMIES/BOSS/boss_Tank_Explosion_3.png
./DATA/LVL1/ENEMIES/BOSS/boss_Tank_Explosion_4.png
./DATA/LVL1/ENEMIES/ASTEROID1/0001.png
./DATA/LVL1/ENEMIES/ASTEROID1/0002.png
./DATA/LVL1/ENEMIES/ASTEROID1/0003.png
./DATA/LVL1/ENEMIES/ASTEROID1/0004.png
./DATA/LVL1/ENEMIES/ASTEROID1/0005.png
./DATA/LVL1/ENEMIES/ASTEROID1/0006.png
./DATA/LVL1/ENEMIES/ASTEROID1/0007.png
./DATA/LVL1/ENEMIES/ASTEROID1/0008.png
./DATA/LVL1/ENEMIES/ASTEROID1/0009.png
./DATA/LVL1/ENEMIES/ASTEROID1/0010.png
./DATA/LVL1/ENEMIES/ASTEROID1/0011.png
./DATA/LVL1/ENEMIES/ASTEROID1/0012.png
./DATA/LVL1/ENEMIES/ASTEROID1/0013.png
./DATA/LVL1/ENEMIES/ASTEROID1/0014.png
./DATA/LVL1/ENEMIES/ASTEROID1/0015.png
./DATA/LVL1/ENEMIES/ASTEROID1/0016.png
./DATA/LVL1/ENEMIES/ASTEROID1/0017.png
./DATA/LVL1/ENEMIES/ASTEROID1/0018.png
./DATA/LVL1/ENEMIES/ASTEROID1/0019.png
./DATA/LVL1/ENEMIES/ASTEROID1/0020.png
./DATA/LVL1/ENEMIES/ASTEROID1/0021.png
./DATA/LVL1/ENEMIES/ASTEROID1/0022.png
./DATA/LVL1/ENEMIES/ASTEROID1/0023.png
./DATA/LVL1/ENEMIES/ASTEROID1/0024.png
./DATA/LVL1/ENEMIES/ASTEROID2/0001.png
./DATA/LVL1/ENEMIES/ASTEROID2/0002.png
./DATA/LVL1/ENEMIES/ASTEROID2/0003.png
./DATA/LVL1/ENEMIES/ASTEROID2/0004.png
./DATA/LVL1/ENEMIES/ASTEROID2/0005.png
./DATA/LVL1/ENEMIES/ASTEROID2/0006.png
./DATA/LVL1/ENEMIES/ASTEROID2/0007.png
./DATA/LVL1/ENEMIES/ASTEROID2/0008.png
./DATA/LVL1/ENEMIES/ASTEROID2/0009.png
./DATA/LVL1/ENEMIES/ASTEROID2/0010.png
./DATA/LVL1/ENEMIES/ASTEROID2/0011.png
./DATA/LVL1/ENEMIES/ASTEROID2/0012.png
./DATA/LVL1/ENEMIES/ASTEROID2/0013.png
./DATA/LVL1/ENEMIES/ASTEROID2/0014.png
./DATA/LVL1/ENEMIES/ASTEROID2/0015.png
./DATA/LVL1/ENEMIES/ASTEROID2/0016.png
./DATA/LVL1/ENEMIES/ASTEROID2/0017.png
./DATA/LVL1/ENEMIES/ASTEROID2/0018.png
./DATA/LVL1/ENEMIES/ASTEROID2/0019.png
./DATA/LVL1/ENEMIES/ASTEROID2/0020.png
./DATA/LVL1/ENEMIES/ASTEROID2/0021.png
./DATA/LVL1/ENEMIES/ASTEROID2/0022.png
./DATA/LVL1/ENEMIES/ASTEROID2/0023.png
./DATA/LVL1/ENEMIES/ASTEROID2/0024.png
./DATA/LVL1/ENEMIES/ASTEROID3/0001.png
./DATA/LVL1/ENEMIES/ASTEROID3/0002.png
./DATA/LVL1/ENEMIES/ASTEROID3/0003.png
./DATA/LVL1/ENEMIES/ASTEROID3/0004.png
./DATA/LVL1/ENEMIES/ASTEROID3/0005.png
./DATA/LVL1/ENEMIES/ASTEROID3/0006.png
./DATA/LVL1/ENEMIES/ASTEROID3/0007.png
./DATA/LVL1/ENEMIES/ASTEROID3/0008.png
./DATA/LVL1/ENEMIES/ASTEROID3/0009.png
./DATA/LVL1/ENEMIES/ASTEROID3/0010.png
./DATA/LVL1/ENEMIES/ASTEROID3/0011.png
./DATA/LVL1/ENEMIES/ASTEROID3/0012.png
./DATA/LVL1/ENEMIES/ASTEROID3/0013.png
./DATA/LVL1/ENEMIES/ASTEROID3/0014.png
./DATA/LVL1/ENEMIES/ASTEROID3/0015.png
./DATA/LVL1/ENEMIES/ASTEROID3/0016.png
./DATA/LVL1/ENEMIES/ASTEROID3/0017.png
./DATA/LVL1/ENEMIES/ASTEROID3/0018.png
./DATA/LVL1/ENEMIES/ASTEROID3/0019.png
./DATA/LVL1/ENEMIES/ASTEROID3/0020.png
./DATA/LVL1/ENEMIES/ASTEROID3/0021.png
./DATA/LVL1/ENEMIES/ASTEROID3/0022.png
./DATA/LVL1/ENEMIES/ASTEROID3/0023.png
./DATA/LVL1/ENEMIES/ASTEROID3/0024.png
./DATA/LVL1/ENEMIES/ENEMY1/Enemy_1_0000.png
./DATA/LVL1/ENEMIES/ENEMY1/Enemy_1_0001.png
./DATA/LVL1/ENEMIES/ENEMY1/Enemy_1_0002.png
./DATA/LVL1/ENEMIES/ENEMY1/Enemy_1_0003.png
./DATA/LVL1/ENEMIES/SPACEMINE/SpaceMine_0000.png
./DATA/LVL1/ENEMIES/SPACEMINE/SpaceMine_0001.png
./DATA/LVL1/ENEMIES/SPACEMINE/SpaceMine_0002.png
./DATA/LVL1/ENEMIES/SPACEMINE/SpaceMine_0003.png
./DATA/LVL1/ENEMIES/REDWING/Redwing_0000.png
./DATA/LVL1/ENEMIES/REDWING/Redwing_0001.png
./DATA/LVL1/ENEMIES/REDWING/Redwing_0002.png
./DATA/LVL1/ENEMIES/REDWING/Redwing_0003.png
./DATA/LVL1/ENEMIES/BOSS/boss_basic_1.png
./DATA/LVL1/ENEMIES/BOSS/boss_basic_2.png
./DATA/LVL1/ENEMIES/BOSS/boss_basic_3.png
./DATA/LVL1/ENEMIES/BOSS/boss_basic_4.png
./DATA/LVL1/ENEMIES/BOSS/boss_tank_1.png
./DATA/LVL1/ENEMIES/BOSS/boss_tank_2.png
./DATA/LVL1/ENEMIES/BOSS/boss_tank_3.png
./DATA/LVL1/ENEMIES/BOSS/boss_tank_4.png
./DATA/LVL1/ENEMIES/BOSS/boss_dish.png
0
1
5
11
11
11
1
4
1
0
0
9
9
2
2
22
22
2
26
32
106
100
200
500
132
#Asteroid 1
200
660
-0.06
0
1
0
0
-1000
200
0
0
1
0
0
-1000
24
24
300
16
18
54
57
11
10
0
0
0
0
0
0
1
0
1
0
#Asteroid 2
230
660
-0.06
0
1
0
0
-1000
190
0
0
1
0
0
-1000
24
24
300
16
18
54
57
11
10
0
0
0
0
0
0
1
0
1
0
#Asteroid 3
260
660
-0.06
0
1
0
0
-1000
220
0
0
1
0
0
-1000
24
24
300
16
18
54
57
11
10
0
0
0
0
0
0
1
0
1
0
#Asteroid 4
360
660
-0.06
0
1
0
0
-1000
140
0
0
1
0
0
-1000
24
24
300
16
18
54
57
11
10
0
0
0
0
0
0
1
0
1
0
#Asteroid 5
390
660
-0.06
0
1
0
0
-1000
110
0
0
1
0
0
-1000
24
24
300
16
18
54
57
11
10
0
0
0
0
0
0
1
0
1
0
#Asteroid 6
420
660
-0.06
0
1
0
0
-1000
120
0
0
1
0
0
-1000
24
24
300
16
18
54
57
11
10
0
0
0
0
0
0
1
2
1
0
#Asteroid 7
510
660
-0.06
0
1
0
0
-1000
380
0
0
1
0
0
-1000
24
24
300
16
18
54
57
11
10
0
0
0
0
0
0
1
0
1
0
#Asteroid 8
520
660
-0.06
0
1
0
0
-1000
290
0
0
1
0
0
-1000
24
24
300
16
18
54
57
11
10
0
0
0
0
0
0
1
0
1
0
#Asteroid 9
560
660
-0.06
0
1
0
0
-1000
320
0
0
1
0
0
-1000
24
24
300
16
18
54
57
11
10
0
0
0
0
0
0
1
6
1
0
#Asteroid 10
770
660
-0.2
0
1
0
0
-1000
150
0
0
1
0
0
-1000
24
24
100
16
18
54
57
11
10
0
0
0
0
0
0
1
0
1
0
#Asteroid 11
780
660
-0.2
0
1
0
0
-1000
300
0
0
1
0
0
-1000
24
24
100
16
18
54
57
11
10
0
0
0
0
0
0
1
0
1
0
#Asteroid 12
790
660
-0.2
0
1
0
0
-1000
150
0
0
1
0
0
-1000
24
24
100
16
18
54
57
11
10
0
0
0
0
0
0
1
0
1
0
#Asteroid 13
800
660
-0.2
0
1
0
0
-1000
380
0
0
1
0
0
-1000
24
24
100
16
18
54
57
11
10
0
0
0
0
0
0
1
2
1
0
#Asteroid 14
810
660
-0.2
0
1
0
0
-1000
210
0
0
1
0
0
-1000
24
24
100
16
18
54
57
11
10
0
0
0
0
0
0
1
0
1
0
#Asteroid  14
820
660
-0.2
0
1
0
0
-1000
300
0
0
1
0
0
-1000
24
24
100
16
18
54
57
11
10
0
0
0
0
0
0
1
0
1
0
#Asteroid  15
900
660
-0.05
0
1
0
0
-1000
380
0
0
1
0
0
-1000
24
48
1000
16
18
54
57
11
10
0
0
0
0
0
0
1
0
1
0
#Asteroid  15
910
660
-0.05
0
1
0
0
-1000
70
0
0
1
0
0
-1000
24
48
1000
16
18
54
57
11
10
0
0
0
0
0
0
1
0
1
0
#Asteroid  15
920
660
-0.05
0
1
0
0
-1000
200
0
0
1
0
0
-1000
24
48
1000
16
18
54
57
11
10
0
0
0
0
0
0
1
0
1
0
#Asteroid  15
930
660
-0.05
0
1
0
0
-1000
300
0
0
1
0
0
-1000
24
48
1000
16
18
54
57
11
10
0
0
0
0
0
0
1
0
1
0
#Asteroid  15
940
660
-0.05
0
1
0
0
-1000
350
0
0
1
0
0
-1000
24
48
1000
16
18
54
57
11
10
0
0
0
0
0
0
1
0
1
0
#Asteroid  15
970
660
-0.05
0
1
0
0
-1000
160
0
0
1
0
0
-1000
24
48
1000
16
18
54
57
11
10
0
0
0
0
0
0
1
0
1
0
#Asteroid  15
1000
660
-0.05
0
1
0
0
-1000
250
0
0
1
0
0
-1000
24
48
1000
16
18
54
57
11
10
0
0
0
0
0
0
1
0
1
0
#Asteroid  15
1020
660
-0.05
0
1
0
0
-1000
50
0
0
1
0
0
-1000
24
48
1000
16
18
54
57
11
10
0
0
0
0
0
0
1
0
1
0
#Asteroid  15
1050
660
-0.05
0
1
0
0
-1000
190
0
0
1
0
0
-1000
24
48
1000
16
18
54
57
11
10
0
0
0
0
0
0
1
0
1
0
#Asteroid  15
1080
660
-0.05
0
1
0
0
-1000
280
0
0
1
0
0
-1000
24
48
1000
16
18
54
57
11
10
0
0
0
0
0
0
1
0
1
0
#Enemy1 1
1090
660
-0.03
0
1
0
0
-1000
185
0
0
1
0
0
-1000
4
96
300
3
3
41
41
11
10
1100
20
1000
180
0.4
0
1
0
1
0
#Enemy1 2
1120
660
-0.03
0
1
0
0
-1000
90
0
0
1
0
0
-1000
4
96
300
3
3
41
41
11
10
1120
20
1000
180
0.4
0
1
0
1
0
#Enemy1 3
1200
660
-0.03
0
1
0
0
-1000
340
0
0
1
0
0
-1000
4
96
300
3
3
41
41
11
10
1200
20
1000
180
0.4
0
1
0
1
0
#Enemy1 4-7
1370
660
-0.11
0
1
0
0
-1000
200
0.000000008
3000
3
0
0
-1000
4
96
300
3
3
41
41
11
10
1370
20
2000
180
0.4
0
1
0
1
0
#Enemy1 4-7
1400
660
-0.11
0
1
0
0
-1000
200
0.000000008
3000
3
0
0
-1000
4
96
300
3
3
41
41
11
10
1400
20
2000
180
0.4
0
1
0
1
0
#Enemy1 4-7
1450
660
-0.11
0
1
0
0
-1000
200
0.000000008
3000
3
0
0
-1000
4
96
300
3
3
41
41
11
10
1450
20
2000
180
0.4
0
1
0
1
0
#Enemy1 4-7
1480
660
-0.11
0
1
0
0
-1000
200
0.000000008
3000
3
0
0
-1000
4
96
300
3
3
41
41
11
10
1480
20
2000
180
0.4
0
1
2
1
0
#UpDownWave 1
1600
660
-0.11
0
1
0
0
-1000
220
0.000008
0
2
0
0
-1000
4
96
200
3
3
41
41
11
10
1630
2
1000
180
0.4
0
1
0
1
0
#UpDownWave 2
1620
660
-0.11
0
1
0
0
-1000
220
-0.000008
0
2
0
0
-1000
4
96
200
3
3
41
41
11
10
1650
2
1000
180
0.4
0
1
0
1
0
#UpDownWave 3
1640
660
-0.11
0
1
0
0
-1000
220
0.000008
0
2
0
0
-1000
4
96
200
3
3
41
41
11
10
1670
2
1000
180
0.4
0
1
0
1
0
#UpDownWave 4
1660
660
-0.11
0
1
0
0
-1000
220
-0.000008
0
2
0
0
-1000
4
96
200
3
3
41
41
11
10
1690
2
1000
180
0.4
0
1
0
1
0
#UpDownWave 5
1680
660
-0.11
0
1
0
0
-1000
220
0.000008
0
2
0
0
-1000
4
96
200
3
3
41
41
11
10
1710
2
1000
180
0.4
0
1
3
1
0
#UpDownWave 6
1700
660
-0.11
0
1
0
0
-1000
220
-0.000008
0
2
0
0
-1000
4
96
200
3
3
41
41
11
10
1730
2
1000
180
0.4
0
1
1
1
0
#UpDownWave 7
1720
660
-0.11
0
1
0
0
-1000
220
0.000008
0
2
0
0
-1000
4
96
200
3
3
41
41
11
10
1750
2
1000
180
0.4
0
1
3
1
0
#UpDownWave 8
1740
660
-0.11
0
1
0
0
-1000
220
-0.000008
0
2
0
0
-1000
4
96
200
3
3
41
41
11
10
1770
2
1000
180
0.4
0
1
0
1
0
#SpaceMine 1
1760
660
-0.025
0
1
0
0
-1000
220
0
0
0
0
0
-1000
4
100
600
10
10
38
38
11
50
1790
36
100
180
0.2
20
2
0
5
2000
#Enemy1 1 / 2
1850
660
-0.1
0
1
0
0
-1000
120
0
0
1
0
0
-1000
4
96
200
3
3
41
41
11
10
1850
20
1000
180
0.4
0
1
3
1
0
#Enemy1 2 / 2
1920
660
-0.1
0
1
0
0
-1000
320
0
0
1
0
0
-1000
4
96
200
3
3
41
41
11
10
1920
20
1000
180
0.4
0
1
3
1
0
#SpaceMine 2
1970
660
-0.025
0
1
0
0
-1000
16
0
0
0
0
0
-1000
4
100
900
10
10
38
38
11
50
2050
19
300
0
0.2
10
2
4
5
1000
#Enemy1 1 / 8
2020
660
-0.1
0
1
0
0
-1000
80
0
0
1
0
0
-1000
4
96
200
3
3
41
41
11
10
2030
20
1200
180
0.4
0
1
3
1
0
#Enemy1 2 / 8
1970
660
-0.1
0
1
0
0
-1000
140
0
0
1
0
0
-1000
4
96
200
3
3
41
41
11
10
1980
20
1200
180
0.4
0
1
3
1
0
#Enemy1 3 / 8
2080
660
-0.1
0
1
0
0
-1000
250
0
0
1
0
0
-1000
4
96
200
3
3
41
41
11
10
2090
20
1200
180
0.4
0
1
3
1
0
#Enemy1 4 / 8
2130
660
-0.1
0
1
0
0
-1000
100
0
0
1
0
0
-1000
4
96
200
3
3
41
41
11
10
2140
20
1200
180
0.4
0
1
3
1
0
#Enemy1 5 / 8
2170
660
-0.1
0
1
0
0
-1000
210
0
0
1
0
0
-1000
4
96
200
3
3
41
41
11
10
2180
20
1200
180
0.4
0
1
3
1
0
#Enemy1 6 / 8
2220
660
-0.1
0
1
0
0
-1000
120
0
0
1
0
0
-1000
4
96
200
3
3
41
41
11
10
2230
20
1200
180
0.4
0
1
3
1
0
#Enemy1 7 / 8
2260
660
-0.1
0
1
0
0
-1000
70
0
0
1
0
0
-1000
4
96
200
3
3
41
41
11
10
2270
20
1200
180
0.4
0
1
3
1
0
#Enemy1 8 / 8
2330
660
-0.1
0
1
0
0
-1000
280
0
0
1
0
0
-1000
4
96
200
3
3
41
41
11
10
2340
20
1200
180
0.4
0
1
3
1
0
#Asteroid 1/5
2450
660
-0.025
0
1
0
0
-1000
50
0
0
1
0
0
-1000
24
24
600
16
18
54
57
11
10
0
0
0
0
0
0
1
0
1
0
#Asteroid 2/5
2400
660
-0.025
0
1
0
0
-1000
110
0
0
1
0
0
-1000
24
24
600
16
18
54
57
11
10
0
0
0
0
0
0
1
0
1
0
#Asteroid 3/5
2425
660
-0.025
0
1
0
0
-1000
170
0
0
1
0
0
-1000
24
24
600
16
18
54
57
11
10
0
0
0
0
0
0
1
0
1
0
#Asteroid 4/5
2490
660
-0.025
0
1
0
0
-1000
160
0
0
1
0
0
-1000
24
24
600
16
18
54
57
11
10
0
0
0
0
0
0
1
0
1
0
#Asteroid 5/5
2520
660
-0.025
0
1
0
0
-1000
80
0
0
1
0
0
-1000
24
24
600
16
18
54
57
11
10
0
0
0
0
0
0
1
0
1
0
#SpaceMine 2
2460
660
-0.025
0
1
0
0
-1000
120
0
0
0
0
0
-1000
4
100
3000
10
10
38
38
11
50
2510
18
0
0
0.2
20
2
1
20
1000
#Enemy1 1 / 4
2800
550
-0.025
0
1
0
0
-1000
-60
0.08
0
1
0
0
-1000
4
96
200
3
3
41
41
11
10
2840
10
1000
180
0.4
0
1
0
1
0
#Enemy1 2 / 4
2830
550
-0.025
0
1
0
0
-1000
-60
0.08
0
1
0
0
-1000
4
96
200
3
3
41
41
11
10
2870
10
1000
180
0.4
0
1
0
1
0
#Enemy1 3 / 4
2860
550
-0.025
0
1
0
0
-1000
-60
0.08
0
1
0
0
-1000
4
96
200
3
3
41
41
11
10
2900
10
1000
180
0.4
0
1
0
1
0
#Enemy1 4 / 4
2890
550
-0.025
0
1
0
0
-1000
-60
0.08
0
1
0
0
-1000
4
96
200
3
3
41
41
11
10
2930
10
1000
180
0.4
0
1
3
1
0
#Enemy1 1 / 4 down up
2850
550
-0.025
0
1
0
0
-1000
520
-0.08
0
1
0
0
-1000
4
96
200
3
3
41
41
11
10
2890
10
1000
180
0.4
0
1
0
1
0
#Enemy1 2 / 4 down up
2880
550
-0.025
0
1
0
0
-1000
520
-0.08
0
1
0
0
-1000
4
96
200
3
3
41
41
11
10
2920
10
1000
180
0.4
0
1
0
1
0
#Enemy1 3 / 4 down up
2910
550
-0.025
0
1
0
0
-1000
520
-0.08
0
1
0
0
-1000
4
96
200
3
3
41
41
11
10
2950
10
1000
180
0.4
0
1
0
1
0
#Enemy1 4 / 4 down up
2940
550
-0.025
0
1
0
0
-1000
520
-0.08
0
1
0
0
-1000
4
96
200
3
3
41
41
11
10
2980
10
1000
180
0.4
0
1
3
1
0
#SpaceMine 3
2850
660
-0.025
0
1
0
0
-1000
390
0
0
0
0
0
-1000
4
100
3000
10
10
38
38
11
50
2900
15
300
270
0.2
5
2
0
100
0
# Bonus Asteroid 3
3250
660
-0.025
0
1
0
0
-1000
380
0
0
0
0
0
-1000
24
72
900
16
18
54
57
11
2000
0
0
0
0
0
0
1
5
1
0
#Redwing 1 wave  1 / 4
3150
660
-0.1
0
1
0
0
-1000
70
0
0
1
0
0
-1000
4
104
400
6
2
68
38
11
40
3160
2
500
180
0.4
300
1
3
10
500
#Redwing 1 wave  2 / 4
3200
660
-0.1
0
1
0
0
-1000
70
0
0
1
0
0
-1000
4
104
400
6
2
68
38
11
40
3210
2
500
180
0.4
300
1
3
10
500
#Redwing 1 wave  3 / 4
3250
660
-0.1
0
1
0
0
-1000
70
0
0
1
0
0
-1000
4
104
400
6
2
68
38
11
40
3260
2
500
180
0.4
300
1
3
10
500
#Redwing 1 wave  4 / 4
3300
660
-0.1
0
1
0
0
-1000
70
0
0
1
0
0
-1000
4
104
400
6
2
68
38
11
40
3310
2
500
180
0.4
300
1
3
10
500
#Redwing 2 wave  1 / 4
3400
660
-0.1
0
1
0
0
-1000
110
0
0
1
0
0
-1000
4
104
400
6
2
68
38
11
40
3410
2
1500
180
0.4
300
1
3
10
500
#Redwing 2 wave  2 / 4
3450
660
-0.1
0
1
0
0
-1000
110
0
0
1
0
0
-1000
4
104
400
6
2
68
38
11
40
3460
2
1500
180
0.4
300
1
3
10
500
#Redwing 2 wave  3 / 4
3500
660
-0.1
0
1
0
0
-1000
110
0
0
1
0
0
-1000
4
104
400
6
2
68
38
11
40
3510
2
1500
180
0.4
300
1
3
10
500
#Redwing 2 wave  4 / 4
3550
660
-0.1
0
1
0
0
-1000
110
0
0
1
0
0
-1000
4
104
400
6
2
68
38
11
40
3560
2
1500
180
0.4
300
1
3
10
500
#Redwing 3 wave  1 / 4
3650
660
-0.1
0
1
0
0
-1000
80
0
0
1
0
0
-1000
4
104
400
6
2
68
38
11
40
3660
20
1500
100
0.4
0
1
3
1
0
#Redwing 3 wave  2 / 4
3680
660
-0.1
0
1
0
0
-1000
120
0
0
1
0
0
-1000
4
104
400
6
2
68
38
11
40
3690
20
2000
100
0.4
0
1
3
1
0
#Redwing 3 wave  3 / 4
3710
660
-0.1
0
1
0
0
-1000
100
0
0
1
0
0
-1000
4
104
400
6
2
68
38
11
40
3720
20
2000
100
0.4
0
1
3
1
0
#Redwing 3 wave  4 / 4
3740
660
-0.1
0
1
0
0
-1000
70
0
0
1
0
0
-1000
4
104
400
6
2
68
38
11
40
3750
20
2000
100
0.4
0
1
3
1
0
#Enemy1 1 / 4
3550
660
-0.06
0
1
0
0
-1000
270
0
0
1
0
0
-1000
4
96
1400
3
3
41
41
11
10
3550
20
1500
180
0.4
0
1
0
1
0
#Enemy1 2 / 4
3650
660
-0.06
0
1
0
0
-1000
270
0
0
1
0
0
-1000
4
96
1400
3
3
41
41
11
10
3650
20
1500
180
0.4
0
1
0
1
0
#Enemy1 3 / 4
3750
660
-0.06
0
1
0
0
-1000
270
0
0
1
0
0
-1000
4
96
1400
3
3
41
41
11
10
3750
20
1500
180
0.4
0
1
0
1
0
#Enemy1 4 / 4
3850
660
-0.06
0
1
0
0
-1000
270
0
0
1
0
0
-1000
4
96
1400
3
3
41
41
11
10
3850
20
1500
180
0.4
0
1
0
1
0
#SpaceMine 4
3900
660
-0.025
0
1
0
0
-1000
100
0
0
0
0
0
-1000
4
100
3000
10
10
38
38
11
50
3950
20
300
110
0.2
5
2
1
100
0
#Asteroid 1 small
4000
660
-0.025
0
1
0
0
-1000
380
0
0
1
0
0
-1000
24
24
600
16
18
54
57
11
10
0
0
0
0
0
0
1
0
1
0
#Asteroid 2 small
4030
660
-0.025
0
1
0
0
-1000
320
0
0
1
0
0
-1000
24
24
600
16
18
54
57
11
10
0
0
0
0
0
0
1
0
1
0
#Asteroid 3 big
4025
660
-0.025
0
1
0
0
-1000
200
0
0
0
0
0
-1000
24
72
1800
16
18
54
57
11
2000
0
0
0
0
0
0
1
0
1
0
#Asteroid 4 big
4250
660
-0.025
0
1
0
0
-1000
100
0
0
0
0
0
-1000
24
72
1800
16
18
54
57
11
2000
0
0
0
0
0
0
1
0
1
0
#Asteroid 5 big
4200
660
-0.025
0
1
0
0
-1000
300
0
0
0
0
0
-1000
24
72
1800
16
18
54
57
11
2000
0
0
0
0
0
0
1
0
1
0
#Asteroid 6 small
4140
660
-0.025
0
1
0
0
-1000
260
0
0
1
0
0
-1000
24
24
600
16
18
54
57
11
10
0
0
0
0
0
0
1
0
1
0
#Asteroid 7 small
4250
660
-0.025
0
1
0
0
-1000
210
0
0
1
0
0
-1000
24
24
600
16
18
54
57
11
10
0
0
0
0
0
0
1
0
1
0
#Asteroid 8 small
4350
660
-0.025
0
1
0
0
-1000
230
0
0
1
0
0
-1000
24
24
600
16
18
54
57
11
10
0
0
0
0
0
0
1
0
1
0
#Asteroid 9 small
4340
660
-0.025
0
1
0
0
-1000
30
0
0
1
0
0
-1000
24
24
600
16
18
54
57
11
10
0
0
0
0
0
0
1
0
1
0
#Redwing 1 / 5
4400
660
-0.1
0
1
0
0
-1000
70
0
0
1
0
0
-1000
4
104
600
6
2
68
38
11
40
4410
20
800
180
0.4
0
1
3
1
0
#Redwing 2 / 5
4450
660
-0.1
0
1
0
0
-1000
150
0
0
1
0
0
-1000
4
104
600
6
2
68
38
11
40
4460
20
900
180
0.4
0
1
3
1
0
#Redwing 3 / 5
4500
660
-0.1
0
1
0
0
-1000
230
0
0
1
0
0
-1000
4
104
600
6
2
68
38
11
40
4510
20
900
180
0.4
1
1
3
1
0
#Redwing 4 / 5
4550
660
-0.1
0
1
0
0
-1000
310
0
0
1
0
0
-1000
4
104
500
6
2
68
38
11
40
4560
20
1200
180
0.4
0
1
3
1
0
#Redwing 5 / 5
4600
660
-0.1
0
1
0
0
-1000
390
0
0
1
0
0
-1000
4
104
600
6
2
68
38
11
40
4610
20
1200
180
0.4
0
1
3
1
0
#Enemy1 1 / 4
4750
400
-0.06
0
1
0
0
-1000
-20
0.06
0
1
0
0
-1000
4
96
800
3
3
41
41
11
50
4750
20
800
180
0.4
0
1
0
1
0
#Enemy1 2 / 4
4800
400
-0.06
0
1
0
0
-1000
-20
0.06
0
1
0
0
-1000
4
96
800
3
3
41
41
11
50
4800
20
800
180
0.4
0
1
3
1
0
#Enemy1 3 / 4
4850
400
-0.06
0
1
0
0
-1000
-20
0.06
0
1
0
0
-1000
4
96
800
3
3
41
41
11
50
4850
20
800
180
0.4
0
1
0
1
0
#Enemy1 4 / 4
4900
400
-0.06
0
1
0
0
-1000
-20
0.06
0
1
0
0
-1000
4
96
800
3
3
41
41
11
50
4900
20
800
180
0.4
0
1
3
1
0
#Enemy1 1 / 4
4950
600
-0.06
0
1
0
0
-1000
500
-0.06
0
1
0
0
-1000
4
96
800
3
3
41
41
11
50
4950
20
800
180
0.4
0
1
3
1
0
#Enemy1 2 / 4
5000
600
-0.06
0
1
0
0
-1000
500
-0.06
0
1
0
0
-1000
4
96
800
3
3
41
41
11
50
5000
20
800
180
0.4
0
1
0
1
0
#Enemy1 3 / 4
5050
600
-0.06
0
1
0
0
-1000
500
-0.06
0
1
0
0
-1000
4
96
800
3
3
41
41
11
50
5050
20
800
180
0.4
0
1
0
1
0
#Enemy1 4 / 4
5100
600
-0.06
0
1
0
0
-1000
500
-0.06
0
1
0
0
-1000
4
96
800
3
3
41
41
11
50
5100
20
800
180
0.4
0
1
3
1
0
#SpaceMine 
5200
660
-0.025
0
1
0
0
-1000
220
0
0
0
0
0
-1000
4
100
3000
10
10
38
38
11
100
5250
18
0
90
0.2
10
2
1
100
2000
#Boss_Basic
5600
660
-0.02
0
1
0
0
340
50
0
0
0
0.005
5
-1000
4
108
5000
266
126
270
208
11
5000
5650
0
0
0
0
0
2
1
0
0
#Boss_Tank
5600
660
-0.02
0
1
0
0
340
50
0
0
0
0.005
5
-1000
4
112
500
254
124
270
210
20
10000
5650
0
0
0
0
0
2
0
0
0
#Boss_Dish
5600
660
-0.02
0
1
0
0
340
156
0
0
0
0.005
5
-1000
1
116
10000
18
18
28
110
16
2000
5900
10
200
180
0.5
0
3
0
100
10000
#Boss_SpaceMine 
5757
664
-0.02
0
1
0
0
470
40
0
0
0
0.005
5
-1000
4
100
5000
10
10
38
38
11
1000
6000
20
400
120
0.2
2
2
0
100
2000
#Boss_SpaceMine  2
5757
664
-0.02
0
1
0
0
470
80
0
0
0
0.005
5
-1000
4
100
5000
10
10
38
38
11
100
6050
10
0
110
0.2
9
2
1
100
3000
#Boss_SpaceMine  3
5757
664
-0.02
0
1
0
0
470
120
0
0
0
0.005
5
-1000
4
100
5000
10
10
38
38
11
100
6000
20
400
220
0.2
-2
2
0
100
2000
#Boss_Redwing
5757
656
-0.02
0
1
0
0
490
172
0
0
1
0.005
5
-1000
4
104
5000
6
2
68
38
11
40
5800
3
0
140
0.4
40
1
0
100
2000
#Boss_Redwing 2
5757
656
-0.02
0
1
0
0
460
220
0
0
1
0.005
5
-1000
4
104
5000
6
2
68
38
11
40
5800
4
0
120
0.4
30
1
0
100
2000
#Boss Enemy1 1
5650
600
-0.2
0
1
0
0
340
100
0
0
1
0
0
-1000
4
96
2000
3
3
41
41
11
500
5700
3
600
180
0.4
0
1
0
100
3000
#Boss Enemy1 2
5650
620
-0.2
0
1
0
0
300
150
0
0
1
0
0
-1000
4
96
2000
3
3
41
41
11
500
5750
3
600
180
0.4
0
1
0
100
3000
#Boss Enemy1 3
5650
640
-0.2
0
1
0
0
280
200
0
0
1
0
0
-1000
4
96
2000
3
3
41
41
11
500
5800
3
600
180
0.4
0
1
0
100
3000
#Boss Enemy1 4
5650
660
-0.2
0
1
0
0
280
250
0
0
1
0
0
-1000
4
96
2000
3
3
41
41
11
500
5850
3
600
180
0.4
0
1
0
100
3000
#Boss Enemy1 5
5650
660
-0.2
0
1
0
0
280
300
0
0
1
0
0
-1000
4
96
2000
3
3
41
41
11
500
5900
3
600
180
0.4
0
1
0
100
3000
#Boss Enemy1 6
5650
640
-0.2
0
1
0
0
300
350
0
0
1
0
0
-1000
4
96
2000
3
3
41
41
11
500
5950
5
0
180
0.4
10
1
0
100
3000
#Boss Enemy1 6
5650
620
-0.2
0
1
0
0
340
400
0
0
1
0
0
-1000
4
96
2000
3
3
41
41
11
500
6000
5
0
180
0.4
10
1
0
100
3000
#Boss Enemy1 1
7200
600
-0.2
0
1
0
0
330
92
0
0
1
0
0
-1000
4
96
2000
3
3
41
41
11
500
5700
3
600
180
0.4
0
1
0
100
3000
#Boss Enemy1 2
7200
620
-0.2
0
1
0
0
260
154
0
0
1
0
0
-1000
4
96
2000
3
3
41
41
11
500
5750
3
600
180
0.4
0
1
0
100
3000
#Boss Enemy1 3
7200
640
-0.2
0
1
0
0
240
198
0
0
1
0
0
-1000
4
96
2000
3
3
41
41
11
500
5800
3
600
180
0.4
0
1
0
100
3000
#Boss Enemy1 4
7200
660
-0.2
0
1
0
0
240
246
0
0
1
0
0
-1000
4
96
2000
3
3
41
41
11
500
5850
3
600
180
0.4
0
1
0
100
3000
#Boss Enemy1 5
7200
660
-0.2
0
1
0
0
240
308
0
0
1
0
0
-1000
4
96
2000
3
3
41
41
11
500
5900
3
600
180
0.4
0
1
0
100
3000
#Boss Enemy1 6
7200
640
-0.2
0
1
0
0
260
356
0
0
1
0
0
-1000
4
96
2000
3
3
41
41
11
500
5950
7
0
180
0.4
10
1
0
100
3000
#Boss Enemy1 6
7200
620
-0.2
0
1
0
0
300
390
0
0
1
0
0
-1000
4
96
2000
3
3
41
41
11
500
6000
7
0
180
0.4
10
1
0
100
3000
#Boss_SpaceMine  2
8000
664
-0.02
0
1
0
0
500
50
0
0
0
0.005
5
-1000
4
100
5000
10
10
38
38
11
100
6050
10
0
120
0.2
10
2
0
100
3000
#Boss_SpaceMine  2
8000
664
-0.02
0
1
0
0
500
400
0
0
0
0.005
5
-1000
4
100
5000
10
10
38
38
11
100
6050
10
0
120
0.2
10
2
1
100
3000
